=== pair 1
run telemetry=off 200 19.371 58.589 95.418 128.279 161.897 165.692 0 0 0 0 0 0 0 0
run telemetry=on 200 20.389 62.993 101.310 136.635 156.044 158.639 13329863 64334998 2491971 0 653786 3155418 122223 0
run telemetry=on 200 19.125 60.563 94.278 128.375 149.274 157.001 13329863 64334998 2491971 0 696989 3363935 130300 0
run telemetry=off 200 19.388 61.704 95.377 130.797 153.250 160.806 0 0 0 0 0 0 0 0
run telemetry=off 200 19.721 60.563 97.869 133.970 154.527 160.709 0 0 0 0 0 0 0 0
=== pair 2
run telemetry=on 200 19.675 62.421 97.381 130.901 158.750 159.964 13329863 64334998 2491971 0 677513 3269935 126659 0
run telemetry=off 200 19.676 63.198 96.855 132.304 146.596 153.995 0 0 0 0 0 0 0 0
run telemetry=off 200 19.517 61.902 96.228 128.690 149.442 158.266 0 0 0 0 0 0 0 0
run telemetry=on 200 19.093 60.645 94.248 128.538 148.135 156.056 13329863 64334998 2491971 0 698150 3369537 130517 0
run telemetry=on 200 19.266 60.807 95.107 126.548 150.061 157.110 13329863 64334998 2491971 0 691881 3339281 129345 0
=== pair 3
run telemetry=off 200 19.390 62.097 95.475 126.246 152.555 154.815 0 0 0 0 0 0 0 0
run telemetry=on 200 19.235 59.664 94.746 132.151 153.656 159.553 13329863 64334998 2491971 0 693017 3344764 129557 0
run telemetry=on 200 19.485 60.396 95.574 128.746 149.860 152.298 13329863 64334998 2491971 0 684120 3301824 127894 0
run telemetry=off 200 19.497 62.706 97.154 128.258 149.338 154.006 0 0 0 0 0 0 0 0
run telemetry=off 200 19.121 60.485 94.781 124.832 148.533 160.870 0 0 0 0 0 0 0 0
=== pair 4
run telemetry=on 200 20.964 61.832 102.227 151.111 179.572 197.126 13329863 64334998 2491971 0 635858 3068895 118871 0
run telemetry=off 200 20.823 68.607 103.482 135.442 151.679 154.459 0 0 0 0 0 0 0 0
run telemetry=off 200 19.006 60.357 93.847 124.416 147.815 153.318 0 0 0 0 0 0 0 0
run telemetry=on 200 18.974 60.680 94.001 125.289 145.003 153.628 13329863 64334998 2491971 0 702540 3390727 131337 0
run telemetry=on 200 20.080 61.035 98.836 132.935 158.319 166.248 13329863 64334998 2491971 0 663832 3203906 124101 0
=== pair 5
run telemetry=off 200 20.071 62.697 99.124 131.838 153.994 160.369 0 0 0 0 0 0 0 0
run telemetry=on 200 19.497 62.038 95.629 130.068 150.375 158.204 13329863 64334998 2491971 0 683686 3299727 127813 0
run telemetry=on 200 19.543 62.782 96.461 129.288 149.477 158.642 13329863 64334998 2491971 0 682088 3292018 127514 0
run telemetry=off 200 19.590 63.056 96.590 128.533 147.525 161.076 0 0 0 0 0 0 0 0
run telemetry=off 200 19.498 61.984 97.483 127.203 148.372 155.195 0 0 0 0 0 0 0 0

pair ratios (median telemetry-on / median telemetry-off):
  pair 1: off=19.388s on=19.757s ratio=1.0190
  pair 2: off=19.596s on=19.266s ratio=0.9831
  pair 3: off=19.390s on=19.360s ratio=0.9985
  pair 4: off=19.915s on=20.080s ratio=1.0083
  pair 5: off=19.590s on=19.520s ratio=0.9964
median paired ratio: 0.9985 | gate < 1.005: PASS
work counts (on runs): evals=13329863 transitions=64334998 searches=2491971 identical in every run
