313397
355145
295365
286417
275798
269904
276720
280602
313965
352061
339927
343985
343728
355147
311013
337581
362027
338231
330141
317636
332395
332746
323344
320399
309679
342314
342600
324788
327910
258847
302034
327422
315380
335546
333846
334377
349400
321656
358573
335897
298685
309635
311655
286136
272542
286166
288044
277945
290155
335758
277933
277249
285080
269880
314263
344048
346404
365220
344558
328899
310543
333772
319184
365863
340181
365077
332559
321192
312337
275909
314806
316189
362106
349258
358883
314922
340961
332957
349717
359395
386797
429964
385625
349620
289773
269518
241603
232333
250851
239783
272611
270334
243565
302220
338798
331080
356237
381080
333087
367727
358201
368453
390690
409251
378620
345926
285851
277720
300842
322622
287896
330146
284029
300617
268777
279238
313414
336728
360176
376679
373384
360964
326149
352345
367133
357020
339177
357486
324061
316265
289313
326923
303426
314436
280181
283419
262402
291523
282137
309019
335433
363586
341124
369823
336808
342294
316770
317018
274063
302551
296224
317254
315869
332085
359091
330196
267766
270196
271008
309246
316823
320312
335548
340857
297617
302820
303842
318588
296738
302704
322234
339121
355248
353788
327117
273858
297476
277274
257402
254361
239030
306546
320605
299147
315152
362372
347127
381888
363828
350660
351443
344598
302927
312950
314003
345516
332016
327418
307810
283032
319338
334695
306236
301491
283248
312453
307962
285687
325480
325787
299352
279876
270666
271716
279947
293977
334042
319871
318388
291407
