277093
295420
308037
330484
357472
355011
295149
263879
259760
288274
301883
362741
343700
306006
266289
262020
251385
274514
286350
293404
326722
366894
335547
333348
373134
344347
332457
377136
310550
303334
295585
296803
261668
288708
293706
329189
392152
432780
429357
402307
376964
345398
339174
311864
265001
275159
241603
235978
261296
332823
324315
346259
338725
340483
335425
324175
299144
293353
315777
309854
278066
290759
307745
325801
362995
363482
393418
379656
378258
383111
384782
367548
361970
351258
333956
345301
349928
343349
284509
276482
267413
254560
259938
282959
275609
248712
260050
256488
242773
288866
284803
315201
334495
328128
364031
335037
332710
349573
293592
281351
221216
252583
267672
293375
325381
304497
329850
324133
289706
280851
304810
282860
283624
316473
319843
302930
299410
318885
329480
299073
345008
326257
333376
339352
365717
361735
324209
287763
255866
242221
256717
315961
307535
343214
349159
382334
392725
344784
342516
335873
290811
290644
296261
318889
323611
328428
341178
311019
273521
251510
224747
237180
250701
281990
346221
398755
412825
412149
370023
319860
305842
285153
284120
307453
259403
275486
306488
268024
318083
321443
359577
338374
355726
317551
306837
235786
250521
248205
258540
287640
318239
333311
350613
353394
357085
326784
314470
288955
320140
342683
336584
356506
348564
305883
272203
295087
346567
423725
405677
397524
378542
331679
280923
273463
277551
279553
270145
264893
317883
317375
276569
302158
305271
257845
245227
285008
323460
337027
402958
448536
