269551
361938
408023
380134
383320
377494
351978
325854
315939
286004
281912
311985
301361
300916
315676
289755
315968
272077
272629
274730
323447
330229
336542
361255
369217
362654
343373
355305
351384
320501
328123
333829
287822
271387
275094
281656
280047
274094
267615
252724
295333
311563
332981
330424
325400
326141
321007
283754
319807
297569
317529
313092
302860
304381
358383
304415
338103
297262
332107
291014
346266
325233
339817
335442
331598
295135
300997
285461
248128
268941
238094
271117
270317
276901
289900
304411
327129
368394
342348
389212
391281
378285
344055
358618
338437
344793
349469
354076
345111
335587
340650
323688
287049
284947
289479
278960
282235
303549
276739
273408
271861
329305
296545
345525
314755
334814
288469
255177
251632
233305
268495
303846
302840
347679
374389
347076
338021
319417
280533
285350
286005
296309
306967
335476
295184
274901
269691
302891
319503
312984
311679
343124
327328
290250
316524
330111
295571
339613
341650
300254
339865
344152
354124
328664
340102
296427
295868
273616
254589
277713
284407
290195
305591
335187
353214
309647
260140
245786
237439
268474
323998
340458
342039
318678
355861
356322
363175
349360
348832
316611
268595
257666
268734
293478
330950
317789
367428
357760
390964
365908
348479
354778
345027
301406
284041
235331
293233
280256
303602
328923
352693
355977
372593
340143
344881
324545
306078
283450
258891
290000
272875
280524
262331
247421
292829
295857
245651
290479
268737
299748
316902
271322
293967
353079
363584
347498
349318
370243
370528
336758
