19562
19834
20124
19969
19614
20265
20631
19397
17993
19320
19958
19590
19561
19960
20015
19320
18948
18793
19143
19113
19277
19423
19936
20189
19959
19355
19497
19215
20551
19602
18688
19264
18727
20094
19355
21251
20344
20269
20281
20481
19914
20063
19836
20220
20620
20502
19631
20148
19705
19796
19028
18865
18466
18999
19365
18525
18611
18253
18485
18669
19026
18924
19514
19529
20020
20219
19623
20013
20162
19659
19722
19635
20257
19400
19004
19574
19339
19772
19331
20055
20049
19554
18999
19924
19095
19131
18851
19244
18676
18574
19056
19003
19963
20499
20225
20298
20246
19849
19756
20228
19290
19405
18946
19652
21155
19227
19557
19890
19956
20247
20311
19635
22084
20267
19827
19217
19394
19983
19696
19615
19209
18776
18993
18991
19241
19387
19689
19012
18802
20022
19970
20466
20557
20484
21148
21606
20177
19366
20502
19768
19183
19666
19704
19290
20653
19563
19375
20129
20168
20363
20539
19920
20448
19178
19651
18771
19177
19064
19093
18818
18909
21545
20064
20402
19882
19872
20875
20263
19838
20685
19556
19143
19486
19602
19581
19589
19392
18707
18597
18750
19428
19560
20673
20910
20995
20335
20013
20326
20338
19469
20903
19271
19966
19227
20247
20077
19188
18632
19115
19433
19589
19408
18402
20886
19494
20394
20327
19984
20584
19722
19793
18909
18727
18333
18490
18478
19704
20143
19932
18717
